num_layers:4
parameter:0
dims:[7, 7]
name:coefficient
values:[-8.10378492144142e-05, 0.0005636936284644472, 0.3227640193710761, 0.18002101395604037, -0.03810392691314513, 0.2213282828212665, 0.000558687474822724, 0.00021420604739428117, 0.00023905545866522915, -0.01353132560673823, 0.0027850268496993104, 0.6258628951604092, -0.011365227422524406, 0.0009747367735661258, 0.00016168398377574162, -1.5460413593533544e-05, -0.3126770534744728, -0.11554566482740565, 0.7793838673625089, -0.15477833051774753, -0.0004095398055300339, 0.0002288273622290647, 0.0005575652812405007, -0.4806525138354772, -0.2760161445210164, -0.0641625516533452, -0.3490716293031929, 0.00010756951653425398, 8.446029466255556e-05, 0.0006061002198423081, -0.32729913702485186, -0.2548087380943298, -0.16065189409138914, -0.23807426997609268, -0.000282536850297545, -0.00019917309664155562, -7.651506877663847e-05, 1.1237335847516405, 0.7221221138013477, -0.6590948258755351, 0.8878976041588713, -0.00034600063889139455, 2.6733511049992827e-05, -6.653092554502916e-05, 1.0847999401429291, 0.7818071613500199, 2.01582763667138, 0.870746819106623, 8.042177487909717e-05]
parameter:0
dims:[1, 7]
name:intercepts
values:[-0.9519233951145153, -0.46852600828343066, 0.04338620073513047, 0.18799939152834713, 0.38463799698334183, -0.0017378355494875762, -0.6625739970315421]
parameter:1
dims:[7, 5]
name:coefficient
values:[-0.00017426832076932461, 0.00018832254026926242, -0.0006670903370584826, -3.429664645230187e-05, 0.0002872921566787932, -0.00020985622539766008, 0.00016517658880368412, 0.00016736193470657954, -2.4983300179322054e-05, 0.0004123561699632347, -0.09040395566159054, -0.04404374734290576, 0.0001282256676558581, 1.013568413394022, -0.0012236125455942501, -0.06326613472286173, -0.025715162135509582, -0.009555572272879603, 0.5823422506406057, 0.0010539338459821031, 0.03901132716794224, -0.006752847689138676, -0.0005977534776245944, -1.9374616910677827, -0.00042866083417796664, -0.06707939699151044, -0.0265782417155667, 0.0002261701387203387, 0.7108576046740388, -0.0004137628493046546, 2.0748363157266695e-05, -0.0005914967186164835, 3.0138404458940733e-05, -0.00019397537844195804, -6.493614471657079e-05]
parameter:1
dims:[1, 5]
name:intercepts
values:[0.40755894083178984, 0.25707486009667346, -0.5447467638465291, -0.1528440811142232, -0.5874731269253042]
parameter:2
dims:[5, 4]
name:coefficient
values:[0.000170700123677087, -0.0001046646356513507, -0.1356857038823538, -0.00022892652038086149, -0.0006517834731107644, -0.0012305017922020908, -0.007291727404232313, 0.0001554267591268152, -0.000685728924046017, 1.1945150029615814e-05, -0.00026336748276405353, 0.00023949354221202546, 0.0003382602883172862, -9.38154362977881e-05, 1.6331389772897997, -0.00010191351297939568, -0.0003171158329534758, 0.0005965816323681686, 0.003359659836186982, 0.00039741374179723946]
parameter:2
dims:[1, 4]
name:intercepts
values:[-0.7290213580496199, -0.25413763431603537, -0.1582410801873557, -0.42299150991556805]
parameter:3
dims:[4, 4]
name:coefficient
values:[0.00032687447902556905, 0.00020161795205510854, 0.0002761934583044972, -2.9784178801738076e-06, -0.00010921697572124423, 0.0006961848775162312, -0.0005545805633953721, -0.00046392691128525204, 0.08808801343320018, -1.0108120874692317, 1.4594248358826019, -1.1007844718163284, -8.419498663773024e-05, 0.00154024497774574, -0.0006818757772613785, -0.00032959670454396563]
parameter:3
dims:[1, 4]
name:intercepts
values:[0.4971551111300896, 1.315523836283299, -3.4212791967186194, 0.03337670341479866]
