num_layers:4
parameter:0
dims:[7, 7]
name:coefficient
values:[-0.5150408717461417, 0.12707715926766688, -1.0064732746458421e-05, 0.16340710430540928, 0.2759215872591627, 0.1269955943652142, -0.10092723558629023, 0.07311493584165528, 0.4726843334322135, -3.138808428677026e-05, -0.0427048922802641, -0.3160990535916383, 0.8235039558249396, 0.018483414724776666, -0.03290075814149337, 0.17844543639835095, -2.1912839870603334e-05, -0.021344171208845897, -0.36318060310286615, 0.6804991162957064, 0.5268573429734338, 0.6799547334603447, -0.17721502913434212, -1.9047454960394552e-06, 0.41624480519338247, 0.13162372137186995, 0.013986771734081357, 0.8813517024794072, 0.2707097408049757, -0.2508670336924245, 3.113907921920721e-05, -0.36206686715141345, -0.3031076047462695, -0.31982143898027054, 0.3596833297397602, 0.33057281087155094, 0.2871454569277956, -1.917011051250617e-05, 0.6668652176894735, 1.1535784134267102, -0.4466098772922449, -0.008448079029241702, -1.8415436098613072, 0.3115000834421531, -1.8615994182078487e-05, 0.853690998124387, 0.6466653557050068, 1.183646852536116, 0.820765597945666]
parameter:0
dims:[1, 7]
name:intercepts
values:[-0.27810256035187986, -0.4972097316328078, -0.8533739731325771, -0.8272442591856335, 0.0034279700225608566, 0.3006557867679956, 0.48788391986005963]
parameter:1
dims:[7, 5]
name:coefficient
values:[-0.48745399204901574, 0.23303856758941718, -0.9459604911812959, 0.9518987331381356, 1.8205538370627548e-05, 0.0857350961937656, -0.16180666934181887, -0.2371222618475044, 0.34753093609137103, -4.550738603083565e-06, -3.585465575981473e-05, -1.5117544384278285e-05, -2.3124418943374408e-05, -2.9136932343077227e-05, -3.2018994123770145e-05, 0.7667068856866458, -0.1727083924633745, 0.5432392634311272, 0.34230448167103034, 3.279884139007444e-05, 0.36758127369907706, -0.21194398312020715, 0.896396185666833, -0.36115108002277696, 6.796977049225325e-06, -0.1981844319720821, 0.12250952146850694, -0.7928780203231589, 0.6200157258646511, 0.00014955214271567192, 0.3912766308812904, -0.8224665266290206, 0.16056215511779515, 0.85286143804465, 2.6105048748358345e-05]
parameter:1
dims:[1, 5]
name:intercepts
values:[-0.6835339536255512, 0.6794669806482182, 0.42566270890682856, 0.5551527401457336, -0.9305107413821729]
parameter:2
dims:[5, 4]
name:coefficient
values:[0.5424556037683985, 0.5973862295092196, -0.5073905161451512, 0.5293316246782974, 0.586078115291694, 0.38387641644614434, -0.44808005382831273, 0.036745350624881414, -0.5629545528441433, 0.5998680648603272, -0.5251822133968261, 1.017530738468889, 0.7191005265015599, 0.15619640658081146, 1.4107602130713892, -0.04779928368982539, 3.2656884803797355e-06, 5.898145481507183e-06, 3.607239353864598e-05, -4.0686426311293887e-05]
parameter:2
dims:[1, 4]
name:intercepts
values:[0.19420393588752682, 0.25699474539793116, 0.4625982759533362, -0.16919748750030228]
parameter:3
dims:[4, 4]
name:coefficient
values:[-0.5070471446887354, 0.5774785100019205, -0.5829083433846312, 0.20058133446344784, -0.025227207925779843, 0.15828294660466075, 0.5567504106374661, -0.7261028033188699, 0.2465731776702776, 0.5379174838365884, -1.5104362439306918, 0.731480634936268, 0.04003578427005296, -0.044932434843851066, 0.8075964366794112, -0.840380470059143]
parameter:3
dims:[1, 4]
name:intercepts
values:[1.1493779727536122, -1.681632263540768, 0.010497744480637394, -1.0386403834953113]
