num_layers:4
parameter:0
dims:[7, 7]
name:coefficient
values:[-2.182491920514526e-05, -0.00984399523755108, -6.032894055708874e-06, 2.317609317472291e-05, 0.0018033600202262076, -0.006218263743143942, -8.153336299771364e-06, -0.000423749188502317, 1.139274459309124e-05, 2.1712976081041566e-05, 2.227752025470557e-05, 1.682926627226218e-05, -2.235448954490717e-06, 4.241948978273248e-06, 1.4372940695463014e-05, 1.482316033175867e-05, -1.5316291841486e-05, -8.460627606336977e-06, 2.570906233599301e-05, -5.449221642384542e-06, 1.7311541744317386e-05, 2.6655607882217563e-05, -9.640552344706667e-06, 3.5686802569344875e-05, 2.5986458185375086e-05, -8.603856401726938e-07, 2.560236059657357e-05, 3.716889793036379e-05, 0.0010797678202221356, 1.2382322514008395e-05, 2.6404911816781334e-05, -9.479036928469394e-06, 1.32399622923778e-06, 1.0178436562551466e-05, 4.0088785985229504e-05, -3.200908081025771e-06, -2.3785179977991478e-05, -3.593458327812202e-05, 3.062075472948601e-05, 2.3962888139716524e-05, -3.0918787149974987e-06, -1.29750098320573e-05, 1.3019884334601413e-05, -3.570166779264397e-05, 1.212925861274659e-05, 0.003910945674871224, -1.419239822216806e-05, 1.865302042159076e-05, -1.5219592632222512e-05]
parameter:0
dims:[1, 7]
name:intercepts
values:[-0.8901902713045126, -0.7601031445890261, -0.689790564541509, 0.032995122394626764, 0.6206485258914369, -0.14567390285481366, 0.3167573391313864]
parameter:1
dims:[7, 5]
name:coefficient
values:[-0.002079008329515914, -1.8902216210611626e-05, 0.0008092864195334848, -0.00013210420958015496, 0.0010639639504027648, 0.001648086552672022, 1.8391376744264387e-06, 0.0023916162883332024, 0.000993044288821702, 0.001338962920947199, 3.2053294982900776e-05, 0.001513639219045067, 0.0022474551749835647, -6.724665424322844e-05, -7.805220855388662e-06, 0.00037981472115909475, -3.974403638973482e-05, 0.001189183452704036, -0.00043952852898346853, -0.00025433731967464563, -0.00020244947256476962, 0.00044789814733056134, 0.0017276036408344518, -0.00024472791806951394, -0.000390736790866714, -0.0001295140685497562, -3.853602790303089e-05, 0.0027179627569032016, -0.00015159617932359841, 0.0011217276073246449, 0.0002425143101464395, 0.0027777404915622487, 0.002860368980546353, -0.0004867211000840685, -0.0005924196775592776]
parameter:1
dims:[1, 5]
name:intercepts
values:[-0.8949560323273833, -0.8910458331116111, -0.07598804016281284, -1.500371975307091, -1.4124274939648696]
parameter:2
dims:[5, 4]
name:coefficient
values:[-0.012559184275427935, 0.004455801768622397, -0.005324791619262105, -0.0139925237839148, -0.016120451797817906, 0.0011816756746825263, -0.009372136444958944, -0.015584435597838663, -0.035463569069646095, -0.023717799590243338, -0.02690573695605017, -0.029060157601961623, -0.0013123548212548796, 0.003482241364731244, 0.007986482138552409, 0.0012688803999774754, 0.001584011056092704, 0.011908478275905781, 0.01179116900481671, 0.00025786082241486207]
parameter:2
dims:[1, 4]
name:intercepts
values:[-0.4408297025586159, -1.2960205891226277, -1.332410063014975, -1.4515999585475292]
parameter:3
dims:[4, 4]
name:coefficient
values:[0.14976814680270134, 0.01233409394128811, -0.07123400682304065, -0.09301707077231001, 0.08276724955678212, 0.006013930323479227, -0.041644490109802035, -0.043440403254858206, 0.08510093343717508, 0.008083548906968161, -0.04693496523479655, -0.04053813286130141, 0.08309411693284428, 0.0017793248288481573, -0.0533735715939361, -0.03887856568557909]
parameter:3
dims:[1, 4]
name:intercepts
values:[0.33469692666283213, 0.386063071855385, -0.37048402708901096, -0.7971326111252309]
